98415
21839
14958
91380
48482
47618
69295
73790
95008
30041
46680
12873
47722
81092
64463
82981
52948
86073
37341
76759
92565
70507
10215
80264
45235
41003
88490
87607
59690
76224
70928
12896
45046
14802
26477
99942
97700
31112
63110
15702
44444
56091
88976
33509
55932
37002
49031
62442
91598
96109
10029
81145
57749
30352
58767
65644
14392
38548
45420
86410
86074
34418
69259
76444
52200
80383
24950
92504
63952
21571
30674
73909
51915
58884
35784
77693
43415
17619
61513
86035
79559
74180
62739
53632
21594
56752
49825
27016
79239
79102
15178
69131
77863
57745
75083
30789
59510
37256
89551
24912
65718
18607
89744
13502
74252
26823
12926
57362
42529
55701
80515
53130
11755
15567
45347
56219
80487
57918
24138
89383
33043
74588
83590
71034
75815
20112
14438
10441
73704
73739
17858
45052
71745
61105
69625
72147
39613
49486
37159
81789
43834
96281
67908
25034
65569
58832
73347
77421
11586
67679
39964
37638
26753
90409
55746
44727
90778
32071
60089
32309
19358
48376
45291
56391
76798
78422
58146
53529
98604
34637
94181
27144
49195
98493
78396
59508
14533
65929
12476
18406
84233
12813
87866
92020
86199
14865
77251
29087
89093
84823
97124
21993
52548
64426
39508
88707
77577
69880
44717
60859
12172
52315
34818
68237
90048
91780
83184
47595
93135
90044
57788
62763
89761
10716
35248
59494
16810
88942
76030
68413
71633
27617
61233
13658
40703
28669
70132
37900
36084
70378
82602
38476
11688
63095
83433
66582
44408
91580
41394
15054
83901
68378
70868
25682
80283
58774
15043
62670
55915
34285
45860
26145
44170
69068
38169
15020
48351
52242
57262
45360
57518
12487
13358
38204
37940
75950
98789
55604
39930
84928
93961
85987
27022
77327
57151
86379
37155
44284
34832
85214
88783
12782
70752
97651
46554
43866
60090
89564
11558
61150
11230
46103
31204
44420
33659
30098
77473
67198
91560
17842
31031
25221
62150
14373
33995
32172
36488
95747
61567
74271
51290
27995
63515
72055
22226
59375
76512
85812
27537
87666
27624
64096
10749
27436
75435
86558
25138
41356
68760
45574
21577
31881
65016
90656
24122
78458
99290
63362
45324
55742
46944
71534
38348
90391
63186
43435
96716
99923
90098
14525
14634
15853
33108
83439
93742
68758
34771
29473
27697
29944
50249
89444
30805
94132
98750
83186
52252
89753
98197
76750
21126
21641
62076
14579
22715
90163
95784
85724
41620
92753
37666
38137
47110
54543
26495
43159
61846
83787
13506
60298
21742
91928
67392
59447
10147
88420
84317
18279
15984
83897
17524
26017
98635
82243
26750
69469
89732
41258
48062
68561
34283
97835
21351
32372
14088
89173
69129
46965
47834
17627
12268
37356
68366
50838
94974
65427
78704
98194
94860
10413
99435
16749
43068
18135
58421
37910
28769
95334
67748
44365
29273
46370
47709
63775
75548
33798
69672
74754
49066
89756
67919
88061
39137
59338
44756
98359
10113
96163
18965
95671
78007
72250
24831
93561
73962
90248
95762
96852
36995
87401
30838
11224
79061
83824
61242
97196
31927
22087
64178
92080
84339
57804
25387
81722
86463
26959
74918
47554
51450
15753
79468
60172
89187
47552
63836
50736
46257
27477
94159
26339
99674
61250
94382
11539
10492
15414
81830
79729
59935
55737
33501
98398
97275
38887
48245
67814
28276
52995
51768
23366
58043
33655
50043
73839
10752
15750
99509
12456
20727
62359
81671
91541
94485
67680
63058
50090
61000
11341
10675
22159
99705
32085
56367
78611
90242
61570
98193
63068
53915
92664
82118
23234
94674
32450
59276
39738
42659
29950
17039
31374
13625
33042
84607
31849
17061
12380
55834
40260
58188
45619
46734
25567
27593
27705
35918
72395
83024
59905
29942
23864
55150
39901
51429
26667
20692
44423
89639
62449
82368
37998
91308
47625
87235
10479
12470
79398
24157
84322
44438
46201
15815
52626
15858
89797
76844
36493
68425
22137
77167
87697
41603
93230
34535
62368
71318
14566
90439
87013
85339
91534
90988
37108
25398
60269
73929
85753
13055
79991
63825
98473
64938
38094
50465
73037
75967
68942
71786
99611
17590
87318
38505
19563
91493
75286
54534
70281
30770
84275
64420
67601
16784
46723
49609
10952
40729
90745
34124
79459
59660
33724
41878
29912
21386
32945
39159
81459
63810
27827
75116
70438
63535
55684
96958
62793
48649
73108
12038
49718
49882
90650
11116
79917
62707
92459
95690
24211
87266
15847
17896
53974
92698
40973
24809
71610
67213
42767
96580
79226
12051
14600
70962
72321
66896
55308
32305
15705
20331
90356
27446
32691
88785
51419
44311
95234
12935
62198
26331
63091
28603
40147
83978
19279
30511
19793
67630
85108
37977
58983
68423
10224
41736
13590
23362
99499
16460
35426
14873
80614
27859
94072
18981
51030
31979
10060
97457
31057
98560
47286
35565
42285
81392
22878
34487
24156
57704
51352
73714
73960
14686
38555
92632
12529
48406
44504
78562
21381
93855
45470
13650
82960
40965
31963
48040
53457
47995
56904
53710
99557
52346
22009
10126
96604
76629
87339
53577
93143
95929
41268
28360
18926
44735
21754
45995
91603
69767
37282
17730
19647
97462
71047
34121
49581
92169
14641
39489
64286
66660
61013
93637
79890
36204
87899
90417
66456
31910
95024
53501
47761
91582
35753
20424
52448
39925
28344
54088
40684
63495
42745
36411
24189
63663
51325
35638
16147
65808
93854
83029
85681
85513
48163
64824
80330
68279
63850
64014
39492
24595
53478
33189
79380
74284
70140
86881
66639
67556
85378
93552
77734
84788
25658
50845
39182
39825
50295
66539
31197
40971
12253
89300
64819
38111
29614
94658
35651
34949
41470
56805
97958
41542
98116
95005
26689
87929
48643
44264
42574
63706
10516
81888
46840
88271
94269
72975
40378
85436
98412
16302
92817
73558
61378
19104
86385
18893
62394
97168
76828
57785
69161
81891
14398
75597
40237
74627
68878
64971
83067
77491
88686
57603
45266
33706
26544
80230
98279
75578
78560
53825
46223
50699
11507
98508
85131
51806
66216
55896
87983
37421
27089
35796
50647
18865
95580
95447
57831
74714
81845
42033
77846
68670
48821
58352
76352
27924
14974
19887
23329
20214
36738
64224
56209
63592
96560
73748
90647
10910
85440
33264
76674
54141
68367
46421
71740
84766
83450
59985
77991
91254
70747
39254
16062
78945
50682
65403
95579
21033
29307
69595
40807
19522
90505
53911
52411
75197
90568
86892
15662
60408
61681
81491
83205
