86712
96206
40971
63825
40971
98239
72055
20692
91254
73739
55405
14682
74915
16759
31849
43091
63825
90988
87339
85103
20139
99102
32134
72821
31963
84233
76750
20692
33244
26934
58112
13883
97624
36874
90988
42762
68810
62593
73448
58189
28782
79236
38094
84823
52315
55140
69737
84713
28894
43306
65760
78422
88707
38306
84823
83417
60859
23806
84823
24207
38732
40971
84823
61427
60859
46070
29096
56091
37106
67919
98750
62113
81880
64362
90988
46396
40971
43889
58139
43930
90195
41607
98079
57293
96012
20348
90988
54248
60318
46726
47103
73658
72055
74229
30406
88659
68773
87339
24882
11151
87339
72055
34103
63777
93822
88948
20361
37728
72897
90106
90673
98750
39123
16982
73739
84823
63515
85690
78136
68948
72055
28108
64739
65419
23490
76750
82344
40971
18644
51191
91254
90988
63825
71049
64414
79179
42434
16939
88707
21633
31963
51697
31849
44271
75978
33079
31849
84823
91254
36415
22528
61931
90315
39489
76750
95445
60859
78505
50682
11406
80132
87339
47907
84233
48120
60859
21303
63825
91254
49452
39489
99118
80934
70617
98075
31032
87339
90988
17041
31963
66617
20863
98750
16503
29241
64023
18843
16712
67919
52315
63689
38094
98181
38094
81972
37155
41917
57192
79597
67919
39516
77348
40971
47371
31492
91254
65480
13030
39092
52315
93726
23239
38094
98750
55737
68055
67131
31963
59024
56574
40971
46689
48940
34496
65209
83621
52315
46800
12920
60859
86916
25624
52315
73739
37370
31849
68006
13383
18554
21090
91254
12571
72055
99471
84823
91254
44002
73739
52315
50248
50682
82948
74880
84270
38094
21645
46795
17322
46257
52054
87339
63515
15895
73180
94820
97855
72251
92176
61056
39489
90584
87014
40307
63825
31963
82871
88222
84823
96979
69001
27436
31963
80954
23189
46907
38094
58763
22691
52445
58975
29247
98325
44018
71528
10730
69230
98410
63825
90988
18473
10138
60859
66417
91254
70555
57970
94041
56450
90066
80136
96535
31963
87339
18311
63515
81818
49521
78856
78736
32193
12413
61750
20692
52315
50309
60859
18662
60859
72055
25507
98942
81870
73739
32647
87339
60859
42530
74484
74474
48062
44844
20692
53179
31963
72873
52315
32259
55737
70281
93644
38094
78345
33722
51275
60859
90988
17456
47384
39570
50455
32302
99416
90988
61365
31849
76750
65184
72055
98697
72055
67274
34760
33495
64696
81980
12406
68047
87339
10409
76750
91254
46672
60859
23101
51493
27360
39431
84233
20222
31345
73739
76750
27089
88657
52315
63825
67919
84823
90756
38094
90988
45126
20112
27089
26406
77146
11124
17720
78300
13517
85667
43741
67919
16720
38936
10152
43769
73739
91233
19189
67826
52315
63825
29430
62978
92335
92785
31849
91254
52315
76750
73328
16548
40488
12600
92811
34293
30803
59225
31963
20692
60859
63912
84823
28296
38094
89607
73739
30017
52315
43998
68521
50152
49890
90707
36495
80721
13016
30702
81809
93680
92806
48062
25138
87667
48062
63442
50225
31227
91254
84649
48062
50682
20112
75132
31849
48062
72055
33632
70089
28433
76750
37155
84823
63825
84233
36995
71702
77114
64312
83563
63825
66416
84233
96955
60859
33617
63628
73739
27964
93217
23628
64265
50180
62057
82089
76750
32501
78410
91254
31849
50682
76602
86626
15889
41213
96218
25138
84823
67919
94722
56522
72450
90440
63825
19911
60996
87339
90988
40971
64213
35482
50682
37155
32117
98750
60859
81637
70533
99742
32116
78422
18049
64924
50682
68777
79855
73739
13627
33858
62671
31957
39489
55737
99636
42163
31849
38094
96134
52568
72109
27336
97422
20692
20500
20692
76750
40971
99023
90988
72495
37155
36939
27436
53049
22908
25138
50682
51044
79568
40971
73739
84499
56600
49999
48413
90988
23693
68603
60859
84355
84233
48062
40971
77812
92110
35490
84823
27300
37155
44116
38094
46133
98911
17965
81353
84823
60859
33379
19256
27345
87339
39068
31963
34890
52315
45351
50682
92917
63322
31849
89248
15630
46354
31963
89789
76464
88707
91254
56091
57251
38881
22038
10811
49581
84233
76750
50682
35221
16184
36185
71760
59209
91254
45259
24482
52315
55737
41263
56131
14971
71705
33279
52768
44124
77061
87339
19662
88336
76750
31471
36995
84233
87339
86983
50051
76750
72336
76750
85513
37155
39489
95080
40971
37155
38479
73035
94369
21814
34851
61714
51077
55628
96915
53399
27436
91254
12424
54529
84823
72470
38630
20692
59555
88707
79241
42503
82565
34910
90988
48062
73739
77565
60714
40971
60028
48062
91254
21289
31849
48062
28561
79505
57870
40971
91752
82576
91254
82261
67117
77859
56339
77718
87363
67919
17324
15731
49370
35881
74695
40884
91254
40971
65408
73297
69103
10331
98750
86699
52315
27436
63825
31974
49581
59642
52315
84823
38094
40971
54785
82713
48062
65138
93846
49888
33050
50682
47692
25215
40971
61868
48062
66247
70356
84823
89200
56801
48023
59647
46206
72192
45048
67919
76750
38468
73507
74022
67919
87339
31849
20692
46257
49581
22783
32708
24815
82359
76312
50433
20246
55737
94200
20692
57841
82262
80348
76897
24004
76346
62037
72977
84188
33396
72055
56331
36007
55737
57502
89277
46257
69809
98750
60859
67919
50411
24713
97080
52315
45390
93253
98133
67528
38895
21734
88707
79586
39489
46257
20692
73700
55737
97464
57921
97192
26709
21334
98750
31849
20692
33364
70813
59638
56091
98633
31963
91576
82232
67388
72055
84119
54996
69650
87339
98974
62236
37807
11734
87339
63515
73739
42313
24860
50682
63515
21906
73739
31849
54780
49136
18235
67613
71066
79493
13233
41218
40932
58595
27436
43810
87339
64201
73039
72055
65869
80510
36244
36541
20692
48062
49581
62250
13433
51346
31963
67919
31849
25890
76750
95672
27919
34857
27774
20421
27466
78422
20692
11439
84823
88707
50682
84233
74679
72055
44137
55565
91254
79186
15795
13448
68597
36802
90988
41517
37155
87339
90689
69683
35266
31963
30160
73739
90605
78874
29974
72055
45827
24722
72055
31849
46257
87578
48404
60859
29451
36995
11460
66983
87339
86138
50682
37624
73739
45322
58194
19109
85568
61048
48062
63825
40971
90988
76137
48062
86904
88920
41920
90988
75533
16463
86319
73739
26423
10695
14876
31963
60859
84233
31849
26780
25138
65871
27436
91254
60732
29762
58721
98750
84823
93019
40971
90998
91271
48589
48062
84823
62119
73739
46257
31034
39489
